function cm_data=viridis_white(m)
cm =  [[ 0.26700126,  0.00495011,  0.32938542];
    [ 0.26860652,  0.01021761,  0.33610739];
    [ 0.27011688,  0.01585629,  0.342748  ];
    [ 0.27153203,  0.02187848,  0.34930345];
    [ 0.27285321,  0.02829502,  0.35576722];
    [ 0.27407893,  0.03511901,  0.36213812];
    [ 0.27520816,  0.0423058 ,  0.36841377];
    [ 0.27624068,  0.04929772,  0.37459045];
    [ 0.2771776 ,  0.05604107,  0.3806628 ];
    [ 0.2780169 ,  0.06259055,  0.38663006];
    [ 0.27875831,  0.06898496,  0.39248892];
    [ 0.27940169,  0.07525342,  0.39823608];
    [ 0.27994812,  0.08141728,  0.4038672 ];
    [ 0.28039616,  0.08749526,  0.40938084];
    [ 0.28074584,  0.09350118,  0.41477411];
    [ 0.2809973 ,  0.09944602,  0.42004422];
    [ 0.28115154,  0.10533798,  0.42518801];
    [ 0.28120854,  0.1111845 ,  0.43020344];
    [ 0.2811684 ,  0.11699156,  0.43508855];
    [ 0.2810318 ,  0.12276368,  0.43984125];
    [ 0.28079952,  0.12850446,  0.44445968];
    [ 0.28047363,  0.13421593,  0.44894175];
    [ 0.28005427,  0.13990098,  0.4532866 ];
    [ 0.27954272,  0.14556123,  0.45749311];
    [ 0.27894048,  0.15119782,  0.46156042];
    [ 0.27824924,  0.15681148,  0.46548794];
    [ 0.27747201,  0.16240185,  0.46927515];
    [ 0.27660996,  0.16796965,  0.4729223 ];
    [ 0.2756652 ,  0.17351486,  0.47642973];
    [ 0.27464015,  0.17903715,  0.47979803];
    [ 0.27353744,  0.18453604,  0.48302809];
    [ 0.27236037,  0.1900106 ,  0.48612111];
    [ 0.27111252,  0.19545976,  0.48907864];
    [ 0.26979599,  0.20088336,  0.49190249];
    [ 0.26841405,  0.20628056,  0.49459472];
    [ 0.26697009,  0.21165048,  0.49715763];
    [ 0.26546761,  0.21699225,  0.49959379];
    [ 0.26391027,  0.222305  ,  0.50190601];
    [ 0.26230367,  0.22758688,  0.50409771];
    [ 0.26064985,  0.23283804,  0.50617184];
    [ 0.25895265,  0.23805772,  0.50813179];
    [ 0.25721595,  0.24324523,  0.50998111];
    [ 0.2554437 ,  0.2483999 ,  0.51172351];
    [ 0.25363982,  0.25352118,  0.5133628 ];
    [ 0.25180826,  0.25860857,  0.51490289];
    [ 0.24995293,  0.26366165,  0.51634777];
    [ 0.24807949,  0.26867931,  0.51770217];
    [ 0.2461901 ,  0.27366206,  0.51896958];
    [ 0.24428838,  0.27860981,  0.52015403];
    [ 0.24237797,  0.2835225 ,  0.5212596 ];
    [ 0.2404624 ,  0.28840015,  0.52229033];
    [ 0.23854511,  0.29324288,  0.52325023];
    [ 0.23662937,  0.29805086,  0.52414326];
    [ 0.23471835,  0.30282437,  0.52497328];
    [ 0.23281504,  0.30756376,  0.52574411];
    [ 0.23092225,  0.31226944,  0.52645944];
    [ 0.22904263,  0.31694192,  0.52712287];
    [ 0.22717863,  0.32158173,  0.52773788];
    [ 0.2253325 ,  0.32618951,  0.52830783];
    [ 0.22350629,  0.33076592,  0.52883594];
    [ 0.22170183,  0.33531169,  0.52932531];
    [ 0.21992073,  0.3398276 ,  0.52977886];
    [ 0.21816437,  0.34431447,  0.53019941];
    [ 0.21643389,  0.34877315,  0.5305896 ];
    [ 0.21473022,  0.35320455,  0.53095191];
    [ 0.21305402,  0.35760959,  0.53128868];
    [ 0.21140573,  0.36198922,  0.53160209];
    [ 0.20978555,  0.36634443,  0.53189415];
    [ 0.20819344,  0.37067622,  0.53216674];
    [ 0.20662911,  0.37498559,  0.53242154];
    [ 0.20509204,  0.37927359,  0.5326601 ];
    [ 0.2035815 ,  0.38354125,  0.53288381];
    [ 0.20209651,  0.38778962,  0.5330939 ];
    [ 0.20063587,  0.39201974,  0.53329144];
    [ 0.19919819,  0.39623267,  0.53347735];
    [ 0.19778185,  0.40042947,  0.53365241];
    [ 0.19638505,  0.40461116,  0.53381724];
    [ 0.1950058 ,  0.4087788 ,  0.53397232];
    [ 0.19364193,  0.4129334 ,  0.53411797];
    [ 0.19229113,  0.417076  ,  0.5342544 ];
    [ 0.19095092,  0.42120757,  0.53438166];
    [ 0.18961868,  0.42532913,  0.53449967];
    [ 0.18829168,  0.42944162,  0.53460822];
    [ 0.18696709,  0.433546  ,  0.53470697];
    [ 0.18564195,  0.4376432 ,  0.53479546];
    [ 0.18431461,  0.4417338 ,  0.53487396];
    [ 0.18298097,  0.44581893,  0.5349411 ];
    [ 0.18163756,  0.44989951,  0.53499586];
    [ 0.1802812 ,  0.45397636,  0.5350373 ];
    [ 0.17890872,  0.45805027,  0.53506438];
    [ 0.17751695,  0.46212198,  0.53507598];
    [ 0.17610273,  0.46619222,  0.53507086];
    [ 0.17466294,  0.47026168,  0.53504771];
    [ 0.17319452,  0.47433099,  0.53500512];
    [ 0.17169447,  0.47840078,  0.53494161];
    [ 0.17016122,  0.48247135,  0.53485643];
    [ 0.16859081,  0.48654348,  0.53474725];
    [ 0.16698022,  0.4906177 ,  0.53461218];
    [ 0.16532692,  0.49469448,  0.53444946];
    [ 0.16362849,  0.49877421,  0.53425728];
    [ 0.16188273,  0.50285727,  0.53403379];
    [ 0.16008762,  0.50694397,  0.5337771 ];
    [ 0.15824137,  0.5110346 ,  0.53348526];
    [ 0.15634289,  0.51512932,  0.53315657];
    [ 0.15439091,  0.51922834,  0.53278903];
    [ 0.15238373,  0.52333191,  0.53238022];
    [ 0.15032069,  0.52744016,  0.5319281 ];
    [ 0.14820151,  0.53155313,  0.53143064];
    [ 0.14602629,  0.53567086,  0.53088578];
    [ 0.14379561,  0.53979333,  0.53029147];
    [ 0.14151053,  0.54392048,  0.52964566];
    [ 0.13917259,  0.54805222,  0.52894629];
    [ 0.13678367,  0.55218846,  0.52819115];
    [ 0.13434663,  0.55632902,  0.52737819];
    [ 0.13186511,  0.56047368,  0.5265054 ];
    [ 0.12934358,  0.56462219,  0.52557081];
    [ 0.12678751,  0.56877426,  0.52457245];
    [ 0.12420338,  0.57292957,  0.52350839];
    [ 0.12159892,  0.57708775,  0.52237672];
    [ 0.11898186,  0.58124856,  0.5211749 ];
    [ 0.11636286,  0.58541154,  0.51990117];
    [ 0.11375459,  0.58957616,  0.51855399];
    [ 0.111171  ,  0.59374194,  0.51713157];
    [ 0.10862802,  0.59790835,  0.51563217];
    [ 0.10614372,  0.60207484,  0.51405405];
    [ 0.10373849,  0.60624083,  0.51239555];
    [ 0.10143512,  0.6104057 ,  0.51065502];
    [ 0.09925845,  0.61456888,  0.50883061];
    [ 0.09723329,  0.61872995,  0.50691905];
    [ 0.09539278,  0.62288795,  0.50492042];
    [ 0.09376922,  0.62704215,  0.50283322];
    [ 0.09239664,  0.63119178,  0.50065598];
    [ 0.09131016,  0.63533608,  0.49838726];
    [ 0.09054524,  0.63947423,  0.49602566];
    [ 0.09013668,  0.6436054 ,  0.49356981];
    [ 0.09011755,  0.64772873,  0.49101838];
    [ 0.09051801,  0.65184331,  0.48837008];
    [ 0.09136425,  0.65594822,  0.48562362];
    [ 0.09267744,  0.66004251,  0.48277778];
    [ 0.094471  ,  0.66412543,  0.47982907];
    [ 0.0967567 ,  0.66819572,  0.47677826];
    [ 0.09953831,  0.67225228,  0.47362456];
    [ 0.10281352,  0.67629399,  0.47036694];
    [ 0.10657491,  0.6803197 ,  0.46700441];
    [ 0.11081081,  0.68432822,  0.46353605];
    [ 0.11550627,  0.6883183 ,  0.45996102];
    [ 0.12064403,  0.69228863,  0.45627854];
    [ 0.12620545,  0.69623787,  0.45248792];
    [ 0.13217135,  0.70016459,  0.4485886 ];
    [ 0.13852264,  0.70406731,  0.44458012];
    [ 0.14524087,  0.70794447,  0.4404622 ];
    [ 0.15230865,  0.71179444,  0.43623473];
    [ 0.15970983,  0.71561549,  0.43189781];
    [ 0.16742975,  0.7194058 ,  0.42745185];
    [ 0.17545525,  0.72316346,  0.42289752];
    [ 0.18377473,  0.72688642,  0.41823594];
    [ 0.19238191,  0.73057266,  0.41346114];
    [ 0.20126657,  0.7342197 ,  0.40857991];
    [ 0.21042132,  0.73782505,  0.40359581];
    [ 0.21984045,  0.7413861 ,  0.39851227];
    [ 0.22951944,  0.74490002,  0.39333375];
    [ 0.23945481,  0.74836383,  0.3880659 ];
    [ 0.24964498,  0.75177432,  0.3827146 ];
    [ 0.26010544,  0.75512729,  0.37726673];
    [ 0.27082123,  0.7584194 ,  0.37175335];
    [ 0.28179212,  0.76164669,  0.36618801];
    [ 0.29302494,  0.76480448,  0.36057979];
    [ 0.30454136,  0.76788652,  0.35492661];
    [ 0.31631885,  0.77088932,  0.34928084];
    [ 0.32837617,  0.77380605,  0.34365429];
    [ 0.34072463,  0.77662975,  0.338075  ];
    [ 0.35334623,  0.77935592,  0.33260657];
    [ 0.36627705,  0.78197397,  0.32727047];
    [ 0.37948352,  0.78448042,  0.32216139];
    [ 0.39298266,  0.78686568,  0.31733967];
    [ 0.40675791,  0.78912385,  0.31290551];
